0.0
0.2448144266888141
0.0
0.18711928197857494
0.0
0.18411322977839417
0.1844891952435603
0.24550357112985685
0.0
0.24803531101789014
0.1827891302662964
0.18897206070281727
0.0
0.3238212235931738
0.18821784952193973
0.18875446016925382
0.0
0.2906686642087557
0.18798560239558518
0.0
0.18417292911296868
0.2302608694523292
0.0
0.2773314788670014
0.18742638886021148
0.33314722840902783
0.18267495121352675
0.25210888521360686
0.1841905532666877
0.35
0.18696129631634678
0.1757504528576311
0.17944441411992212
0.2716022427799173
0.29379462292945185
0.1767206450777248
0.18473620140131095
0.2814975960025694
0.3275074887219938
0.0
0.16683967573332528
0.1871788264823898
0.0
0.32734452154790966
0.18750439570442543
0.1806749733281569
0.15876690069802518
0.2999164513614197
0.2485714264611587
0.2390250551746447
0.2561224827883049
0.25286695890283956
0.1889926692064838
0.18849485987953374
0.3328838194823385
0.1824877871301637
0.18711020310695697
0.18512713821966326
0.2761668096534711
0.0
0.28587969156475496
0.17955542310395525
0.0
0.3013021993290079
0.2787618349922425
0.16094684778830237
0.18954976963026687
0.2980483978374995
0.3068120281457798
0.1704606026690013
0.1879113027892933
0.15814233096810804
0.277292398033034
0.17961956646120036
0.2863424335516261
0.18880084223965804
0.305258639709455
0.1897270399502653
0.26018890816046225
0.0
0.18934875481046617
0.0
0.0
0.29123663764889157
0.25072855159083696
0.0
0.1
0.27656381826470333
0.31734172932164456
0.0
0.1827239574354692
0.1851520786606168
0.2275521751225922
0.0
0.294075570198457
0.1887502931807607
0.22017067637690518
0.0
0.27038018423949234
0.0
0.19996439038671465
0.2002579485441377
0.21409233050599696
0.19982077974670198
0.1989215153868996
0.62440554837699
0.19949289430964834
0.1997691899778641
0.1993601614826262
0.20002184927940986
0.2197712766638617
0.21981189005863025
0.22015646136273126
0.21994867762894774
0.22091291137864594
0.21998660933495398
0.2198434505729163
0.22033944352985163
0.22091741583265495
0.2202032035062106
0.2737184824306172
0.2737367262086041
0.27391571442919715
0.2737955200414516
0.2756905401947737
0.27381123473044106
0.27375080738816715
0.27402965763049825
0.27570538908955594
0.2739343411396562
0.22057466167220124
0.2204141295911536
0.22058813502503288
0.22054976255993963
0.21954317004876267
0.22047675887543539
0.22052087550026261
0.29587951368540494
0.21958569710627754
0.2206155156627449
0.19998128232146833
0.19998298343224458
0.19997807461000747
0.20029050814666907
0.20012437955588164
0.19923772332452144
0.20020966713135624
0.2088250148884653
0.19919119058627896
0.2000508855850997
0.22105018001055435
0.2194474083210319
0.25048352730762924
0.21937632403968643
0.22007692099455015
0.22112388200831326
0.2193762890815531
0.21875582638084487
0.2201269730846474
0.2190273887500867
0.2743996995668282
0.27447609851796273
0.7527428538313561
0.27448917563165665
0.2754164352491871
0.2744807113013516
0.27446313357357605
0.27460595162745255
0.2754253996279228
0.27460915386335555
0.5302481609583245
0.5303498080945541
0.5314693871214241
0.5307491441761084
0.5413147241748295
0.5308501182559922
0.5304437324478745
0.532177640549639
0.5414065912490319
0.5315720838623977
0.27415143019523275
0.2740479624562089
0.27417402833341137
0.27414390984207315
0.27507927565442364
0.27409400315344246
0.2741098669047915
0.7290399231712243
0.27513841176468845
0.27418645856131674
0.22085502248557826
0.22068909450344085
0.22077229195909231
0.22079261861018612
0.21856286972276
0.22071886632223436
0.22081023381707524
0.24272538073350158
0.21885357418196516
0.2207867110168619
0.27512535081089945
0.27528366801646714
0.2752415576707643
0.275206729531291
0.2751771650432109
0.27515926935838875
0.2752367398215407
0.27514700072502407
0.2751950428845606
0.2751785578382631
0.5379551714120436
0.5388856073728798
0.5386096038037425
0.5384166358210293
0.5382350411895112
0.5381425305819494
0.5386105561076026
0.5380499012304127
0.5383305138043548
0.538240022256088
0.0
0.0
0.0
0.0
0.0
0.0
0.0
0.0
0.0
0.0
0.5360689026022268
0.5347987646101023
0.5346937874557696
0.5353046425807806
0.5344982248577365
0.5345981897706654
0.5355057064596713
0.5342910321581159
0.5349940529220943
0.5348010934863457
0.27470697157154395
0.2744676654237428
0.27444925148783395
0.27454180408779233
0.2744150512004536
0.2744305115403328
0.27458161718319485
0.27437900628552087
0.27449368337479335
0.27446575041284543
0.21946494404803912
0.22005744604233948
0.21960945452788144
0.21952860469290517
0.21940579597681575
0.21939707269330763
0.21949566579068575
0.21950033174161804
0.21940518242866436
0.21940592780866314
0.2750399000409499
0.2752963610232569
0.27502596608034974
0.2750034107949967
0.2749148681783654
0.27492275196483923
0.27493836728291476
0.2750332460786409
0.27490815378602657
0.27492618698070886
0.5371114490598852
0.5389799837123614
0.536543059431439
0.536535038693955
0.5358810548233102
0.5360661956711604
0.5357866789171728
0.5370167481305415
0.535788084573011
0.5359763212139299
0.27483327397836377
0.274857996680016
0.27459822538314366
0.27464850128472595
0.2745101012043169
0.2745260182047463
0.27460901291152134
0.2746202953088849
0.2745528135297091
0.27454471708511285
0.21880326414357282
0.22108658263312608
0.22098758455229459
0.22106472654868808
0.22093844620208836
0.220939894333106
0.22107266845072454
0.22094381976020905
0.22099634527391787
0.22098507697709632
0.1989102525202278
0.20222507169873274
0.20023350960728992
0.19972903292389974
0.1997865434958328
0.20002495435410161
0.2003833190424831
0.20030489835853066
0.19984911221873225
0.19988664777891932
0.2193508649939525
0.22445630118856155
0.2192179364051938
0.2192137789078963
0.2188992185187214
0.2190034582468753
0.2189031072543603
0.21934597708390524
0.2188597827750218
0.21890993305278683
0.274934161709966
0.2984270637489037
0.27481479539166825
0.2748078821323241
0.2746589807281635
0.27469942270387765
0.2746450804481232
0.2749104946007256
0.2746368600834531
0.2746833759934968
0.21911117388538429
0.22380169831180638
0.21862741430216331
0.21870677450280337
0.22107771927201134
0.22109559231298212
0.2211149309984009
0.21880077385538205
0.22108266000196594
0.22108148386721674
0.20029165012792044
0.20085202987851242
0.19916347709144464
0.20030762315183778
0.20021590129325478
0.20044421492347556
0.20040345767982023
0.20035030908265308
0.20045362887037052
0.19930182802339838
0
0
6
0
10
10
4
2
6
0
10
6
0
2
4
0
0
0
0
2
0
0
2
6
4
0
2
12
2
6
0
0
0
2
0
4
0
0
0
4
0
0
0
4
0
2
0
4
8
0
0
2
0
0
0
0
4
6
2
2
0
0
2
0
0
0
6
0
0
2
0
0
0
2
0
2
2
0
0
0
0
0
2
2
0
0
0
0
2
0
0
0
0
2
0
0
4
2
0
0
0
0
0
0
0
4
0
2
2
0
0
2
0
2
4
2
0
0
0
2
0
0
0
0
0
0
0
0
0
4
0
0
0
0
2
0
2
0
0
0
0
0
2
0
2
0
0
0
0
0
0
0
0
0
0
0
0
0
0
0
0
0
0
0
0
0
0
0
0
0
0
0
0
0
0
0
0
0
0
0
0
0
0
0
0
0
0
0
0
0
0
0
0
0
0
0
0
0
0
0
0
0
0
0
0
0
0
0
0
0
0
0
0
0
0
0
0
0
0
0
0
0
0
0
0
0
0
0
0
0
0
0
0
0
0
0
0
0
0
0
0
0
0
0
0
0
0
0
0
0
0
0
0
0
0
0
0
0
0
0
0
0
0
0
0
0
0
0
0
0
0
0
0
0
0
0
0
0
0
0
0
0
0
0
0
0
0
0
0
0
0
0
0
0
0
0
0
0
0
0
0
0
0
0
0
0
0
0
0
0
0
0
0
0
0
0
0
0
0
0
0
0
0
0
0
0
0
0
0
0
0
0
0
0
0
0
0
0
0
0
0
0
0
0
0
0
0
0
0
0
0
0
0
0
0
0
0
0
0
0
0
0
0
0
0
0
0
0
0
0
0
0
0
0
0
0
0
0
0
0
0
0
0
0
0
0
0
0
0
0
0
0
0
0
0
0
0
0
0
0
0
0
0
0
0
0
0
0
0
0
0
0
0
0
0
0
0
0
0
0
0
0
0
0
0
0
0
0
0
0
0
0
0
0
0
0
0
0
0
0
0
0
0
0
0
0
0
0
0
0
0
0
0
0
0
0
0
0
0
0
0
0
0
0
0
0
0
0
0
0
0
0
0
0
0
0
0
0
0
0
0
0
0
0
0
0
0
0
0
0
0
0
0
0
0
0
0
0
0
0
0
0
0
0
0
0
0
0
0
0
0
0
0
0
0
0
0
0
0
0
0
0
0
0
0
0
0
0
0
0
0
0
0
0
0
0
0
0
0
0
0
0
0
0
0
0
0
0
0
0
0
0
0
0
0
0
0
0
0
0
0
0
0
0
0
0
0
0
0
0
0
0
0
0
0
0
0
0
0
0
0
0
0
0
0
0
0
0
0
0
0
0
0
0
0
0
0
0
0
0
0
0
0
0
0
0
0
0
0
0
0
0
0
0
0
0
0
0
0
0
0
0
0
0
0
0
0
0
0
0
0
0
0
0
0
0
0
0
0
0
0
0
0
0
0
0
0
0
0
0
0
0
0
0
0
0
0
0
0
0
0
0
0
0
0
0
0
0
0
0
0
0
0
0
0
0
0
0
0
0
0
0
0
0
0
0
0
0
0
0
0
0
0
0
0
0
0
0
0
0
0
0
0
0
0
0
0
0
0
0
0
0
0
0
0
0
0
0
0
0
0
0
0
0
0
0
0
0
0
0
0
0
0
0
0
0
0
0
0
0
0
0
0
0
0
0
0
0
0
0
0
0
0
0
0
0
0
0
0
0
0
0
0
0
0
0
0
0
0
0
0
0
0
0
0
0
0
0
0
0
0
0
0
0
0
0
0
0
0
0
0
0
0
0
0
0
0
0
0
0
0
0
0
0
0
0
0
0
0
0
0
0
0
0
0
0
0
0
0
0
0
0
0
0
0
0
0
0
0
0
0
0
0
0
0
0
0
0
0
0
0
0
0
0
0
0
0
0
0
0
0
0
0
0
0
0
0
0
0
0
0
0
0
0
0
0
0
0
0
0
0
0
0
0
0
0
0
0
0
0
0
0
0
0
0
0
0
0
0
0
0
0
0
0
0
0
0
0
0
0
0
0
0
0
0
0
0
0
0
0
0
0
0
0
0
0
0
0
0
0
0
0
0
0
0
0
0
0
0
0
0
0
0
0
0
0
0
0
0
0
0
0
0
0
0
0
0
0
0
0
0
0
0
0
0
0
0
0
0
0
0
0
0
0
0
0
0
0
0
0
0
0
0
0
0
0
0
0
0
0
0
0
0
0
0
0
0
0
0
0
0
0
0
0
0
0
0
0
0
0
